image: ./mymap.pgm
resolution: 0.050000
origin: [-2.554670, -4.706987, 0.0]
negate: 0
occupied_thresh: 0.65
free_thresh: 0.196
